1 0.860000 -9.990001
2 22.350000 11.270000
3 35.209999 33.480000
4 10.590000 -1.150000
5 35.259998 25.619999
6 25.680000 22.970001
7 4.300000 2.530000
8 21.350000 12.370001
9 17.580000 13.250000
10 27.559999 18.980000
11 -6.270000 -9.080001
12 -7.630000 -12.390000
13 34.700001 33.959999
14 33.799999 32.529999
15 7.700000 2.510000
16 17.250000 7.520000
17 -7.950000 -11.660000
18 9.570000 -1.480000
19 38.450001 36.119999
20 34.639999 28.139999
21 39.080002 27.860003
22 25.840000 19.350000
23 -4.010000 -13.410000
24 22.680000 15.800000
25 36.860001 31.250000
26 -0.300000 -2.520000
27 10.010000 1.030000
28 35.919998 27.479998
29 15.800000 13.210000
